Solution of A.x is :
1110.356281
688.562144
981.872743
242.242965
83.928900
647.980668
609.563597
494.943394
905.908222
296.263769
1133.431300
290.744424
669.430842
351.876036
199.939666
497.913916
600.462040
29.902180
1144.463131
523.421599
1010.725072
455.696745
438.868130
948.650211
149.581847
141.399069
486.125011
356.313489
91.603776
483.757357
218.126012
318.543081
712.023133
691.813314
509.618171
569.591821
317.178789
508.569426
351.355820
566.083335
634.848752
493.452278
437.072325
346.687777
7.643020
188.915014
1316.314174
505.884150
742.927114
625.155126
437.218579
662.101693
481.645093
372.781732
335.707589
510.438274
1926.834926
406.546364
341.053869
421.417615
580.877468
317.852339
305.407828
49.672916
173.182382
243.930735
0.000000
869.370924
737.539090
374.718797
331.005849
987.598642
225.768850
799.625970
1441.824989
372.323720
459.944680
598.360634
610.769538
1002.655235
386.822979
639.023058
603.729735
308.816618
315.244698
52.566936
186.194730
658.699243
627.086986
581.424843
279.145063
0.000000
180.637631
345.187985
313.132080
137.120849
778.917406
223.846474
642.432551
498.140303
358.014908
817.035526
796.932507
309.891666
593.701620
322.177415
866.067198
180.420762
678.556978
446.917878
644.914504
418.333069
319.855728
140.763702
865.293582
86.356113
78.228390
736.047492
673.558420
619.620129
128.412622
1269.045596
963.763225
603.263540
186.414387
130.926159
346.530329
476.743583
115.708230
216.427577
1120.064564
254.488348
857.897321
897.244481
270.958803
26.668983
58.430927
738.698574
572.878746
946.903035
249.173346
1244.344085
647.292886
1463.585071
110.980080
103.492364
193.546825
341.742857
642.834231
812.003750
440.381052
195.495707
587.534954
67.631762
976.778085
506.189155
854.198803
339.729626
353.312418
57.138966
396.537316
119.116618
1185.993433
129.105319
578.666107
339.220844
406.740436
71.666872
453.802121
58.726765
928.267465
611.252626
105.370806
573.305388
151.962645
214.376487
827.972397
111.208950
846.231244
173.175736
231.598928
309.776348
317.864430
147.728160
507.488695
25.297412
94.998636
709.844408
163.739916
314.622654
728.490028
899.462128
129.602863
646.447514
578.742384
215.998130
66.493551
178.632785
57.635488
416.872254
49.932774
174.670540
610.396965
470.792187
503.887431
311.233343
685.810369
432.799874
787.432420
622.244956
195.715454
123.654818
146.763915
583.538695
825.343985
140.016518
327.860611
336.909683
117.366590
141.203612
527.250228
336.435323
1523.366637
501.673541
360.756516
1699.027252
414.511459
741.039804
293.143545
863.787666
466.795345
568.878904
880.388110
188.043382
228.838163
103.433272
485.465218
170.847392
227.189796
279.991545
710.330156
812.711096
265.831314
133.554960
229.968584
351.060904
618.550177
312.053188
232.051097
1089.930251
729.241863
340.335109
918.847320
669.663701
197.092712
422.144105
159.694554
892.722205
563.061465
27.112237
831.966857
244.427159
370.015634
52.877455
869.426427
351.038180
517.109977
440.828570
121.267344
134.770465
925.954424
744.274724
215.398548
977.212958
368.367269
145.452298
127.696128
810.623483
804.651398
180.935132
753.506400
960.617738
467.172716
767.416264
146.022336
400.225842
718.542512
657.800480
1198.741321
244.311620
11.638143
370.080305
527.861051
500.064882
721.301444
863.720263
245.848545
1462.733763
1181.477885
252.011658
74.124661
469.526690
790.099186
327.087406
0.000000
435.588784
223.615217
823.773180
248.197970
508.681410
304.597258
377.025426
544.130828
212.233464
194.411616
689.989116
253.526410
224.694423
517.293519
789.147488
1168.818770
913.410830
518.750757
266.189899
335.400270
629.128434
262.010384
48.398868
662.140042
330.616017
738.796496
317.683074
67.876000
15.181783
65.216755
1396.762831
469.981980
308.261230
504.056891
305.921183
646.346073
460.797438
547.728104
156.414793
820.094181
590.671681
74.295372
74.193978
644.238857
623.469202
0.000000
285.991639
384.885172
661.951375
726.305029
861.318793
5.420216
443.620058
566.290194
255.632314
444.943244
151.596452
850.850820
556.861463
304.367812
233.997472
501.835682
0.160375
789.035581
156.216864
494.011515
857.610455
4.633568
662.757777
360.459408
80.924174
15.982378
0.000000
494.510098
162.369300
511.073466
154.367157
608.302397
394.729079
951.576455
264.480907
856.581658
1512.968709
324.504297
267.341720
761.455073
669.351210
712.853849
640.758383
785.622134
21.590907
963.353312
894.651240
452.161950
735.639725
115.493952
359.720418
276.302550
454.100201
776.281819
1539.756510
792.059115
328.344996
493.856958
958.330393
402.460145
1108.953412
193.435139
466.615505
348.074575
510.473759
225.363531
790.054242
629.131715
71.727879
935.038830
215.660366
358.727933
266.736326
413.163246
1367.094030
786.134895
216.691250
135.751905
668.976352
455.703065
291.431130
736.154783
342.881020
41.893496
511.970896
550.608005
661.079397
1081.998138
977.059489
206.998211
1087.070361
50.488830
33.075600
1566.871461
586.205821
128.136237
577.186118
440.076640
153.749332
590.928782
464.871216
413.471177
503.827793
586.676047
359.239336
234.414540
982.316011
944.303892
645.952808
407.307552
478.587114
888.735406
864.035203
857.383532
945.462340
329.212616
493.000677
642.154704
222.549010
595.826880
865.146685
232.468123
595.780076
921.733677
474.785335
310.305685
484.153230
392.841427
906.762019
637.334728
493.588103
980.429663
465.250675
487.862654
727.015552
734.521514
819.191302
548.542261
1059.279488
888.956984
452.760022
701.890731
854.322638
201.624654
275.667569
674.870145
634.193299
465.408246
487.359359
