# The two data sets can be used as inputs. In each the first line 
# contains W and the second contains the w_i
# set 1 is small enough that it can be solved by inspection
# set 2 requires a better approach
10
5 4 1 1 7 5

1600
146 315 255 175 111 393  70  50 380 287 273 106 395 72  39 343 106 310  67 375 146  50 155  62 281 135 26 262  17  91 299  98  45 279 157  29 145 292 317 90 108 224  55  20 238 331 381  76  73 205 205 374 83  42 196 203 100 243  43 385 156  86  90 286  84 87  34  44 293 336 290  34 135  79 249 389  17  36 11 274 178 114 229 166 140  69 231   5 104   9 362 84  50 170  52 204 123 348 179  18 220  83 395  68 31 184  96 309 205 321  72 229 172  38 317 185  86 25  71 141 113  54 371 243  62  22 105 129 217 358 64 114 236 342   8 215  90 393 141 322 273 148 380 88 249 191 197 184  93 310 340 196 169 270 226 202 91 146 378 391  67 351 276 126 215  22 309 249  62 45 203  36 313  87 280 374 101 300  89 177 177 268 58 166 160 300 345 309 171 300 380 208 271 349  85 99 384 399 254 249 370 304 105 126 204 358  14 386 19 284 328 230 214 244 325 313 219 207  82 173 302 20   2 387 392 363 134 199 173   7 253 234  96 399 31 204 311 266 385 206 254 233 150 197 197 326 150 40  40 369 195 261 398 114 396 111 131 397 144 261 17  41 175 156 397  66 143 379 368 136 334  84  16 26 293 212 284 129 124  48 356 240 353  16 343  47 04 233 282 346 373  81 217 394 128  94 334  96 381 03 230 274 157   1 197 250 168 206  20 226 280  80 09 296 106 139 213 191 214 165 107   7 186 399 337 88  26 105 299  21  27 348 236 301 116  60 154 87 384   7 102  40 121 294  27 191  98 101 347 80 192 299 133  11 296 194 293 265 312 269 226  13 60  22  88  72 154 392 291 338 285  37 101  73 326 37 105 385 324  70 189  70 347  71 293   8  39 239 79 140 399 120 395 331 151 101 396 219

